/*--------------------------------*- C++ -*----------------------------------*\
| =========                 |                                                 |
| \\      /  F ield         | OpenFOAM: The Open Source CFD Toolbox           |
|  \\    /   O peration     |                                                 |
|   \\  /    A nd           |                                                 |
|    \\/     M anipulation  |                                                 |
\*---------------------------------------------------------------------------*/

FoamFile
{
    format      ascii;
    class       dictionary;
    location    "constant";
    object      fvModels;
}

lateralThrust
{
    type            accelerationSource;
    active          yes;

    selectionMode   all;

    U               U;

    value           (1 0 0);

    velocity        scale;

    scale
    {
        type        table;
        values
        (
            // time [s]    accel magnitude [m/s^2]
            (0.00   0.00)
            (0.20   0.00)
            (0.30   0.00)
            (0.40   0.00)
            (0.500   0.000000)
            (0.501   0.000001)
            (0.502   0.000003)
            (0.503   0.000007)
            (0.504   0.000013)
            (0.505   0.000021)
            (0.506   0.000030)
            (0.507   0.000040)
            (0.508   0.000053)
            (0.509   0.000067)
            (0.510   0.000082)
            (0.511   0.000100)
            (0.512   0.000118)
            (0.513   0.000139)
            (0.514   0.000161)
            (0.515   0.000185)
            (0.516   0.000211)
            (0.517   0.000238)
            (0.518   0.000266)
            (0.519   0.000297)
            (0.520   0.000329)
            (0.521   0.000363)
            (0.522   0.000398)
            (0.523   0.000435)
            (0.524   0.000474)
            (0.525   0.000514)
            (0.526   0.000556)
            (0.527   0.000599)
            (0.528   0.000645)
            (0.529   0.000691)
            (0.530   0.000740)
            (0.531   0.000790)
            (0.532   0.000842)
            (0.533   0.000895)
            (0.534   0.000950)
            (0.535   0.001007)
            (0.536   0.001065)
            (0.537   0.001125)
            (0.538   0.001187)
            (0.539   0.001250)
            (0.540   0.001315)
            (0.541   0.001382)
            (0.542   0.001450)
            (0.543   0.001520)
            (0.544   0.001591)
            (0.545   0.001664)
            (0.546   0.001739)
            (0.547   0.001815)
            (0.548   0.001893)
            (0.549   0.001973)
            (0.550   0.002054)
            (0.551   0.002137)
            (0.552   0.002222)
            (0.553   0.002308)
            (0.554   0.002396)
            (0.555   0.002485)
            (0.556   0.002576)
            (0.557   0.002669)
            (0.558   0.002763)
            (0.559   0.002859)
            (0.560   0.002957)
            (0.561   0.003056)
            (0.562   0.003157)
            (0.563   0.003260)
            (0.564   0.003364)
            (0.565   0.003470)
            (0.566   0.003577)
            (0.567   0.003686)
            (0.568   0.003797)
            (0.569   0.003909)
            (0.570   0.004023)
            (0.571   0.004138)
            (0.572   0.004256)
            (0.573   0.004374)
            (0.574   0.004495)
            (0.575   0.004617)
            (0.576   0.004741)
            (0.577   0.004866)
            (0.578   0.004993)
            (0.579   0.005121)
            (0.580   0.005251)
            (0.581   0.005383)
            (0.582   0.005517)
            (0.583   0.005652)
            (0.584   0.005788)
            (0.585   0.005927)
            (0.586   0.006067)
            (0.587   0.006208)
            (0.588   0.006351)
            (0.589   0.006496)
            (0.590   0.006642)
            (0.591   0.006790)
            (0.592   0.006940)
            (0.593   0.007091)
            (0.594   0.007244)
            (0.595   0.007398)
            (0.596   0.007554)
            (0.597   0.007712)
            (0.598   0.007871)
            (0.599   0.008032)
            (0.600   0.008195)
            (0.601   0.008359)
            (0.602   0.008524)
            (0.603   0.008692)
            (0.604   0.008861)
            (0.605   0.009031)
            (0.606   0.009203)
            (0.607   0.009377)
            (0.608   0.009552)
            (0.609   0.009729)
            (0.610   0.009908)
            (0.611   0.010088)
            (0.612   0.010270)
            (0.613   0.010453)
            (0.614   0.010638)
            (0.615   0.010825)
            (0.616   0.011013)
            (0.617   0.011203)
            (0.618   0.011394)
            (0.619   0.011587)
            (0.620   0.011781)
            (0.621   0.011977)
            (0.622   0.012175)
            (0.623   0.012374)
            (0.624   0.012575)
            (0.625   0.012778)
            (0.626   0.012982)
            (0.627   0.013188)
            (0.628   0.013395)
            (0.629   0.013604)
            (0.630   0.013814)
            (0.631   0.014026)
            (0.632   0.014240)
            (0.633   0.014455)
            (0.634   0.014672)
            (0.635   0.014890)
            (0.636   0.015110)
            (0.637   0.015331)
            (0.638   0.015554)
            (0.639   0.015779)
            (0.640   0.016005)
            (0.641   0.016233)
            (0.642   0.016462)
            (0.643   0.016693)
            (0.644   0.016926)
            (0.645   0.017160)
            (0.646   0.017396)
            (0.647   0.017633)
            (0.648   0.017872)
            (0.649   0.018112)
            (0.650   0.018354)
            (0.651   0.018597)
            (0.652   0.018842)
            (0.653   0.019089)
            (0.654   0.019337)
            (0.655   0.019587)
            (0.656   0.019838)
            (0.657   0.020091)
            (0.658   0.020345)
            (0.659   0.020601)
            (0.660   0.020859)
            (0.661   0.021118)
            (0.662   0.021379)
            (0.663   0.021641)
            (0.664   0.021904)
            (0.665   0.022170)
            (0.666   0.022437)
            (0.667   0.022705)
            (0.668   0.022975)
            (0.669   0.023246)
            (0.670   0.023519)
            (0.671   0.023794)
            (0.672   0.024070)
            (0.673   0.024347)
            (0.674   0.024627)
            (0.675   0.024907)
            (0.676   0.025190)
            (0.677   0.025473)
            (0.678   0.025759)
            (0.679   0.026045)
            (0.680   0.026334)
            (0.681   0.026624)
            (0.682   0.026915)
            (0.683   0.027208)
            (0.684   0.027503)
            (0.685   0.027799)
            (0.686   0.028096)
            (0.687   0.028395)
            (0.688   0.028696)
            (0.689   0.028998)
            (0.690   0.029301)
            (0.691   0.029606)
            (0.692   0.029913)
            (0.693   0.030221)
            (0.694   0.030531)
            (0.695   0.030842)
            (0.696   0.031155)
            (0.697   0.031469)
            (0.698   0.031785)
            (0.699   0.032102)
            (0.700   0.032420)
            (0.701   0.032741)
            (0.702   0.033062)
            (0.703   0.033386)
            (0.704   0.033710)
            (0.705   0.034036)
            (0.706   0.034364)
            (0.707   0.034693)
            (0.708   0.035024)
            (0.709   0.035356)
            (0.710   0.035690)
            (0.711   0.036025)
            (0.712   0.036362)
            (0.713   0.036700)
            (0.714   0.037039)
            (0.715   0.037380)
            (0.716   0.037723)
            (0.717   0.038067)
            (0.718   0.038413)
            (0.719   0.038760)
            (0.720   0.039108)
            (0.721   0.039458)
            (0.722   0.039809)
            (0.723   0.040162)
            (0.724   0.040517)
            (0.725   0.040873)
            (0.726   0.041230)
            (0.727   0.041589)
            (0.728   0.041949)
            (0.729   0.042311)
            (0.730   0.042674)
            (0.731   0.043038)
            (0.732   0.043404)
            (0.733   0.043772)
            (0.734   0.044141)
            (0.735   0.044511)
            (0.736   0.044883)
            (0.737   0.045256)
            (0.738   0.045631)
            (0.739   0.046007)
            (0.740   0.046385)
            (0.741   0.046764)
            (0.742   0.047145)
            (0.743   0.047527)
            (0.744   0.047910)
            (0.745   0.048295)
            (0.746   0.048681)
            (0.747   0.049069)
            (0.748   0.049458)
            (0.749   0.049848)
            (0.750   0.050240)
            (0.751   0.050634)
            (0.752   0.051029)
            (0.753   0.051425)
            (0.754   0.051823)
            (0.755   0.052222)
            (0.756   0.052622)
            (0.757   0.053024)
            (0.758   0.053428)
            (0.759   0.053832)
            (0.760   0.054238)
            (0.761   0.054646)
            (0.762   0.055055)
            (0.763   0.055465)
            (0.764   0.055877)
            (0.765   0.056290)
            (0.766   0.056705)
            (0.767   0.057121)
            (0.768   0.057538)
            (0.769   0.057957)
            (0.770   0.058377)
            (0.771   0.058799)
            (0.772   0.059221)
            (0.773   0.059646)
            (0.774   0.060071)
            (0.775   0.060499)
            (0.776   0.060927)
            (0.777   0.061357)
            (0.778   0.061788)
            (0.779   0.062221)
            (0.780   0.062655)
            (0.781   0.063090)
            (0.782   0.063527)
            (0.783   0.063965)
            (0.784   0.064404)
            (0.785   0.064845)
            (0.786   0.065287)
            (0.787   0.065730)
            (0.788   0.066175)
            (0.789   0.066621)
            (0.790   0.067069)
            (0.791   0.067518)
            (0.792   0.067968)
            (0.793   0.068420)
            (0.794   0.068873)
            (0.795   0.069327)
            (0.796   0.069783)
            (0.797   0.070240)
            (0.798   0.070698)
            (0.799   0.071158)
            (0.800   0.071619)
            (0.801   0.072081)
            (0.802   0.072545)
            (0.803   0.073010)
            (0.804   0.073476)
            (0.805   0.073943)
            (0.806   0.074412)
            (0.807   0.074883)
            (0.808   0.075354)
            (0.809   0.075827)
            (0.810   0.076301)
            (0.811   0.076777)
            (0.812   0.077254)
            (0.813   0.077732)
            (0.814   0.078211)
            (0.815   0.078692)
            (0.816   0.079174)
            (0.817   0.079657)
            (0.818   0.080142)
            (0.819   0.080628)
            (0.820   0.081115)
            (0.821   0.081603)
            (0.822   0.082093)
            (0.823   0.082584)
            (0.824   0.083077)
            (0.825   0.083570)
            (0.826   0.084065)
            (0.827   0.084561)
            (0.828   0.085059)
            (0.829   0.085558)
            (0.830   0.086058)
            (0.831   0.086559)
            (0.832   0.087061)
            (0.833   0.087565)
            (0.834   0.088070)
            (0.835   0.088576)
            (0.836   0.089084)
            (0.837   0.089593)
            (0.838   0.090103)
            (0.839   0.090614)
            (0.840   0.091127)
            (0.841   0.091641)
            (0.842   0.092156)
            (0.843   0.092672)
            (0.844   0.093190)
            (0.845   0.093708)
            (0.846   0.094228)
            (0.847   0.094750)
            (0.848   0.095272)
            (0.849   0.095796)
            (0.850   0.096321)
            (0.851   0.096847)
            (0.852   0.097374)
            (0.853   0.097903)
            (0.854   0.098433)
            (0.855   0.098964)
            (0.856   0.099496)
            (0.857   0.100029)
            (0.858   0.100564)
            (0.859   0.101100)
            (0.860   0.101637)
            (0.861   0.102175)
            (0.862   0.102714)
            (0.863   0.103255)
            (0.864   0.103797)
            (0.865   0.104340)
            (0.866   0.104884)
            (0.867   0.105430)
            (0.868   0.105976)
            (0.869   0.106524)
            (0.870   0.107073)
            (0.871   0.107623)
            (0.872   0.108174)
            (0.873   0.108727)
            (0.874   0.109280)
            (0.875   0.109835)
            (0.876   0.110391)
            (0.877   0.110948)
            (0.878   0.111506)
            (0.879   0.112066)
            (0.880   0.112626)
            (0.881   0.113188)
            (0.882   0.113751)
            (0.883   0.114315)
            (0.884   0.114880)
            (0.885   0.115446)
            (0.886   0.116014)
            (0.887   0.116582)
            (0.888   0.117152)
            (0.889   0.117723)
            (0.890   0.118295)
            (0.891   0.118868)
            (0.892   0.119442)
            (0.893   0.120017)
            (0.894   0.120594)
            (0.895   0.121172)
            (0.896   0.121750)
            (0.897   0.122330)
            (0.898   0.122911)
            (0.899   0.123493)
            (0.900   0.124076)
            (0.901   0.124660)
            (0.902   0.125246)
            (0.903   0.125832)
            (0.904   0.126419)
            (0.905   0.127008)
            (0.906   0.127598)
            (0.907   0.128188)
            (0.908   0.128780)
            (0.909   0.129373)
            (0.910   0.129967)
            (0.911   0.130562)
            (0.912   0.131159)
            (0.913   0.131756)
            (0.914   0.132354)
            (0.915   0.132953)
            (0.916   0.133554)
            (0.917   0.134155)
            (0.918   0.134758)
            (0.919   0.135361)
            (0.920   0.135966)
            (0.921   0.136572)
            (0.922   0.137178)
            (0.923   0.137786)
            (0.924   0.138395)
            (0.925   0.139005)
            (0.926   0.139616)
            (0.927   0.140228)
            (0.928   0.140841)
            (0.929   0.141455)
            (0.930   0.142070)
            (0.931   0.142686)
            (0.932   0.143303)
            (0.933   0.143921)
            (0.934   0.144540)
            (0.935   0.145160)
            (0.936   0.145781)
            (0.937   0.146403)
            (0.938   0.147026)
            (0.939   0.147650)
            (0.940   0.148275)
            (0.941   0.148901)
            (0.942   0.149529)
            (0.943   0.150157)
            (0.944   0.150786)
            (0.945   0.151416)
            (0.946   0.152047)
            (0.947   0.152679)
            (0.948   0.153312)
            (0.949   0.153946)
            (0.950   0.154581)
            (0.951   0.155216)
            (0.952   0.155853)
            (0.953   0.156491)
            (0.954   0.157130)
            (0.955   0.157770)
            (0.956   0.158410)
            (0.957   0.159052)
            (0.958   0.159694)
            (0.959   0.160338)
            (0.960   0.160982)
            (0.961   0.161628)
            (0.962   0.162274)
            (0.963   0.162921)
            (0.964   0.163570)
            (0.965   0.164219)
            (0.966   0.164869)
            (0.967   0.165520)
            (0.968   0.166172)
            (0.969   0.166824)
            (0.970   0.167478)
            (0.971   0.168133)
            (0.972   0.168788)
            (0.973   0.169445)
            (0.974   0.170102)
            (0.975   0.170760)
            (0.976   0.171419)
            (0.977   0.172080)
            (0.978   0.172740)
            (0.979   0.173402)
            (0.980   0.174065)
            (0.981   0.174729)
            (0.982   0.175393)
            (0.983   0.176058)
            (0.984   0.176725)
            (0.985   0.177392)
            (0.986   0.178060)
            (0.987   0.178728)
            (0.988   0.179398)
            (0.989   0.180068)
            (0.990   0.180740)
            (0.991   0.181412)
            (0.992   0.182085)
            (0.993   0.182759)
            (0.994   0.183434)
            (0.995   0.184109)
            (0.996   0.184786)
            (0.997   0.185463)
            (0.998   0.186141)
            (0.999   0.186820)
            (1.000   0.187500)
            (1.001   0.188181)
            (1.002   0.188862)
            (1.003   0.189544)
            (1.004   0.190227)
            (1.005   0.190911)
            (1.006   0.191596)
            (1.007   0.192281)
            (1.008   0.192967)
            (1.009   0.193655)
            (1.010   0.194342)
            (1.011   0.195031)
            (1.012   0.195720)
            (1.013   0.196411)
            (1.014   0.197102)
            (1.015   0.197793)
            (1.016   0.198486)
            (1.017   0.199179)
            (1.018   0.199873)
            (1.019   0.200568)
            (1.020   0.201264)
            (1.021   0.201960)
            (1.022   0.202658)
            (1.023   0.203355)
            (1.024   0.204054)
            (1.025   0.204754)
            (1.026   0.205454)
            (1.027   0.206155)
            (1.028   0.206856)
            (1.029   0.207559)
            (1.030   0.208262)
            (1.031   0.208966)
            (1.032   0.209670)
            (1.033   0.210376)
            (1.034   0.211082)
            (1.035   0.211788)
            (1.036   0.212496)
            (1.037   0.213204)
            (1.038   0.213913)
            (1.039   0.214622)
            (1.040   0.215333)
            (1.041   0.216044)
            (1.042   0.216755)
            (1.043   0.217468)
            (1.044   0.218181)
            (1.045   0.218895)
            (1.046   0.219609)
            (1.047   0.220324)
            (1.048   0.221040)
            (1.049   0.221757)
            (1.050   0.222474)
            (1.051   0.223192)
            (1.052   0.223910)
            (1.053   0.224629)
            (1.054   0.225349)
            (1.055   0.226070)
            (1.056   0.226791)
            (1.057   0.227512)
            (1.058   0.228235)
            (1.059   0.228958)
            (1.060   0.229682)
            (1.061   0.230406)
            (1.062   0.231131)
            (1.063   0.231857)
            (1.064   0.232583)
            (1.065   0.233310)
            (1.066   0.234037)
            (1.067   0.234765)
            (1.068   0.235494)
            (1.069   0.236223)
            (1.070   0.236953)
            (1.071   0.237684)
            (1.072   0.238415)
            (1.073   0.239147)
            (1.074   0.239879)
            (1.075   0.240612)
            (1.076   0.241346)
            (1.077   0.242080)
            (1.078   0.242814)
            (1.079   0.243550)
            (1.080   0.244285)
            (1.081   0.245022)
            (1.082   0.245759)
            (1.083   0.246496)
            (1.084   0.247235)
            (1.085   0.247973)
            (1.086   0.248713)
            (1.087   0.249452)
            (1.088   0.250193)
            (1.089   0.250934)
            (1.090   0.251675)
            (1.091   0.252417)
            (1.092   0.253160)
            (1.093   0.253903)
            (1.094   0.254646)
            (1.095   0.255390)
            (1.096   0.256135)
            (1.097   0.256880)
            (1.098   0.257626)
            (1.099   0.258372)
            (1.100   0.259119)
            (1.101   0.259866)
            (1.102   0.260614)
            (1.103   0.261362)
            (1.104   0.262110)
            (1.105   0.262860)
            (1.106   0.263609)
            (1.107   0.264360)
            (1.108   0.265110)
            (1.109   0.265861)
            (1.110   0.266613)
            (1.111   0.267365)
            (1.112   0.268118)
            (1.113   0.268871)
            (1.114   0.269624)
            (1.115   0.270378)
            (1.116   0.271133)
            (1.117   0.271888)
            (1.118   0.272643)
            (1.119   0.273399)
            (1.120   0.274155)
            (1.121   0.274912)
            (1.122   0.275669)
            (1.123   0.276426)
            (1.124   0.277184)
            (1.125   0.277943)
            (1.126   0.278702)
            (1.127   0.279461)
            (1.128   0.280221)
            (1.129   0.280981)
            (1.130   0.281741)
            (1.131   0.282502)
            (1.132   0.283264)
            (1.133   0.284025)
            (1.134   0.284787)
            (1.135   0.285550)
            (1.136   0.286313)
            (1.137   0.287076)
            (1.138   0.287840)
            (1.139   0.288604)
            (1.140   0.289368)
            (1.141   0.290133)
            (1.142   0.290898)
            (1.143   0.291664)
            (1.144   0.292430)
            (1.145   0.293196)
            (1.146   0.293963)
            (1.147   0.294730)
            (1.148   0.295497)
            (1.149   0.296265)
            (1.150   0.297033)
            (1.151   0.297802)
            (1.152   0.298570)
            (1.153   0.299339)
            (1.154   0.300109)
            (1.155   0.300878)
            (1.156   0.301649)
            (1.157   0.302419)
            (1.158   0.303190)
            (1.159   0.303961)
            (1.160   0.304732)
            (1.161   0.305504)
            (1.162   0.306276)
            (1.163   0.307048)
            (1.164   0.307820)
            (1.165   0.308593)
            (1.166   0.309366)
            (1.167   0.310140)
            (1.168   0.310913)
            (1.169   0.311687)
            (1.170   0.312462)
            (1.171   0.313236)
            (1.172   0.314011)
            (1.173   0.314786)
            (1.174   0.315561)
            (1.175   0.316337)
            (1.176   0.317113)
            (1.177   0.317889)
            (1.178   0.318665)
            (1.179   0.319442)
            (1.180   0.320219)
            (1.181   0.320996)
            (1.182   0.321773)
            (1.183   0.322551)
            (1.184   0.323329)
            (1.185   0.324107)
            (1.186   0.324885)
            (1.187   0.325663)
            (1.188   0.326442)
            (1.189   0.327221)
            (1.190   0.328000)
            (1.191   0.328779)
            (1.192   0.329559)
            (1.193   0.330339)
            (1.194   0.331118)
            (1.195   0.331899)
            (1.196   0.332679)
            (1.197   0.333459)
            (1.198   0.334240)
            (1.199   0.335021)
            (1.200   0.335802)
            (1.201   0.336583)
            (1.202   0.337364)
            (1.203   0.338146)
            (1.204   0.338928)
            (1.205   0.339709)
            (1.206   0.340491)
            (1.207   0.341274)
            (1.208   0.342056)
            (1.209   0.342838)
            (1.210   0.343621)
            (1.211   0.344404)
            (1.212   0.345186)
            (1.213   0.345969)
            (1.214   0.346752)
            (1.215   0.347536)
            (1.216   0.348319)
            (1.217   0.349102)
            (1.218   0.349886)
            (1.219   0.350670)
            (1.220   0.351454)
            (1.221   0.352237)
            (1.222   0.353021)
            (1.223   0.353806)
            (1.224   0.354590)
            (1.225   0.355374)
            (1.226   0.356158)
            (1.227   0.356943)
            (1.228   0.357727)
            (1.229   0.358512)
            (1.230   0.359297)
            (1.231   0.360081)
            (1.232   0.360866)
            (1.233   0.361651)
            (1.234   0.362436)
            (1.235   0.363221)
            (1.236   0.364006)
            (1.237   0.364791)
            (1.238   0.365576)
            (1.239   0.366361)
            (1.240   0.367147)
            (1.241   0.367932)
            (1.242   0.368717)
            (1.243   0.369502)
            (1.244   0.370288)
            (1.245   0.371073)
            (1.246   0.371858)
            (1.247   0.372644)
            (1.248   0.373429)
            (1.249   0.374215)
            (1.250   0.375000)
            (1.251   0.375785)
            (1.252   0.376571)
            (1.253   0.377356)
            (1.254   0.378142)
            (1.255   0.378927)
            (1.256   0.379712)
            (1.257   0.380498)
            (1.258   0.381283)
            (1.259   0.382068)
            (1.260   0.382853)
            (1.261   0.383639)
            (1.262   0.384424)
            (1.263   0.385209)
            (1.264   0.385994)
            (1.265   0.386779)
            (1.266   0.387564)
            (1.267   0.388349)
            (1.268   0.389134)
            (1.269   0.389919)
            (1.270   0.390703)
            (1.271   0.391488)
            (1.272   0.392273)
            (1.273   0.393057)
            (1.274   0.393842)
            (1.275   0.394626)
            (1.276   0.395410)
            (1.277   0.396194)
            (1.278   0.396979)
            (1.279   0.397763)
            (1.280   0.398546)
            (1.281   0.399330)
            (1.282   0.400114)
            (1.283   0.400898)
            (1.284   0.401681)
            (1.285   0.402464)
            (1.286   0.403248)
            (1.287   0.404031)
            (1.288   0.404814)
            (1.289   0.405596)
            (1.290   0.406379)
            (1.291   0.407162)
            (1.292   0.407944)
            (1.293   0.408726)
            (1.294   0.409509)
            (1.295   0.410291)
            (1.296   0.411072)
            (1.297   0.411854)
            (1.298   0.412636)
            (1.299   0.413417)
            (1.300   0.414198)
            (1.301   0.414979)
            (1.302   0.415760)
            (1.303   0.416541)
            (1.304   0.417321)
            (1.305   0.418101)
            (1.306   0.418882)
            (1.307   0.419661)
            (1.308   0.420441)
            (1.309   0.421221)
            (1.310   0.422000)
            (1.311   0.422779)
            (1.312   0.423558)
            (1.313   0.424337)
            (1.314   0.425115)
            (1.315   0.425893)
            (1.316   0.426671)
            (1.317   0.427449)
            (1.318   0.428227)
            (1.319   0.429004)
            (1.320   0.429781)
            (1.321   0.430558)
            (1.322   0.431335)
            (1.323   0.432111)
            (1.324   0.432887)
            (1.325   0.433663)
            (1.326   0.434439)
            (1.327   0.435214)
            (1.328   0.435989)
            (1.329   0.436764)
            (1.330   0.437538)
            (1.331   0.438313)
            (1.332   0.439087)
            (1.333   0.439860)
            (1.334   0.440634)
            (1.335   0.441407)
            (1.336   0.442180)
            (1.337   0.442952)
            (1.338   0.443724)
            (1.339   0.444496)
            (1.340   0.445268)
            (1.341   0.446039)
            (1.342   0.446810)
            (1.343   0.447581)
            (1.344   0.448351)
            (1.345   0.449122)
            (1.346   0.449891)
            (1.347   0.450661)
            (1.348   0.451430)
            (1.349   0.452198)
            (1.350   0.452967)
            (1.351   0.453735)
            (1.352   0.454503)
            (1.353   0.455270)
            (1.354   0.456037)
            (1.355   0.456804)
            (1.356   0.457570)
            (1.357   0.458336)
            (1.358   0.459102)
            (1.359   0.459867)
            (1.360   0.460632)
            (1.361   0.461396)
            (1.362   0.462160)
            (1.363   0.462924)
            (1.364   0.463687)
            (1.365   0.464450)
            (1.366   0.465213)
            (1.367   0.465975)
            (1.368   0.466736)
            (1.369   0.467498)
            (1.370   0.468259)
            (1.371   0.469019)
            (1.372   0.469779)
            (1.373   0.470539)
            (1.374   0.471298)
            (1.375   0.472057)
            (1.376   0.472816)
            (1.377   0.473574)
            (1.378   0.474331)
            (1.379   0.475088)
            (1.380   0.475845)
            (1.381   0.476601)
            (1.382   0.477357)
            (1.383   0.478112)
            (1.384   0.478867)
            (1.385   0.479622)
            (1.386   0.480376)
            (1.387   0.481129)
            (1.388   0.481882)
            (1.389   0.482635)
            (1.390   0.483387)
            (1.391   0.484139)
            (1.392   0.484890)
            (1.393   0.485640)
            (1.394   0.486391)
            (1.395   0.487140)
            (1.396   0.487890)
            (1.397   0.488638)
            (1.398   0.489386)
            (1.399   0.490134)
            (1.400   0.490881)
            (1.401   0.491628)
            (1.402   0.492374)
            (1.403   0.493120)
            (1.404   0.493865)
            (1.405   0.494610)
            (1.406   0.495354)
            (1.407   0.496097)
            (1.408   0.496840)
            (1.409   0.497583)
            (1.410   0.498325)
            (1.411   0.499066)
            (1.412   0.499807)
            (1.413   0.500548)
            (1.414   0.501287)
            (1.415   0.502027)
            (1.416   0.502765)
            (1.417   0.503504)
            (1.418   0.504241)
            (1.419   0.504978)
            (1.420   0.505715)
            (1.421   0.506450)
            (1.422   0.507186)
            (1.423   0.507920)
            (1.424   0.508654)
            (1.425   0.509388)
            (1.426   0.510121)
            (1.427   0.510853)
            (1.428   0.511585)
            (1.429   0.512316)
            (1.430   0.513047)
            (1.431   0.513777)
            (1.432   0.514506)
            (1.433   0.515235)
            (1.434   0.515963)
            (1.435   0.516690)
            (1.436   0.517417)
            (1.437   0.518143)
            (1.438   0.518869)
            (1.439   0.519594)
            (1.440   0.520318)
            (1.441   0.521042)
            (1.442   0.521765)
            (1.443   0.522488)
            (1.444   0.523209)
            (1.445   0.523930)
            (1.446   0.524651)
            (1.447   0.525371)
            (1.448   0.526090)
            (1.449   0.526808)
            (1.450   0.527526)
            (1.451   0.528243)
            (1.452   0.528960)
            (1.453   0.529676)
            (1.454   0.530391)
            (1.455   0.531105)
            (1.456   0.531819)
            (1.457   0.532532)
            (1.458   0.533245)
            (1.459   0.533956)
            (1.460   0.534667)
            (1.461   0.535378)
            (1.462   0.536087)
            (1.463   0.536796)
            (1.464   0.537504)
            (1.465   0.538212)
            (1.466   0.538918)
            (1.467   0.539624)
            (1.468   0.540330)
            (1.469   0.541034)
            (1.470   0.541738)
            (1.471   0.542441)
            (1.472   0.543144)
            (1.473   0.543845)
            (1.474   0.544546)
            (1.475   0.545246)
            (1.476   0.545946)
            (1.477   0.546645)
            (1.478   0.547342)
            (1.479   0.548040)
            (1.480   0.548736)
            (1.481   0.549432)
            (1.482   0.550127)
            (1.483   0.550821)
            (1.484   0.551514)
            (1.485   0.552207)
            (1.486   0.552898)
            (1.487   0.553589)
            (1.488   0.554280)
            (1.489   0.554969)
            (1.490   0.555658)
            (1.491   0.556345)
            (1.492   0.557033)
            (1.493   0.557719)
            (1.494   0.558404)
            (1.495   0.559089)
            (1.496   0.559773)
            (1.497   0.560456)
            (1.498   0.561138)
            (1.499   0.561819)
            (1.500   0.562500)
            (1.501   0.563180)
            (1.502   0.563859)
            (1.503   0.564537)
            (1.504   0.565214)
            (1.505   0.565891)
            (1.506   0.566566)
            (1.507   0.567241)
            (1.508   0.567915)
            (1.509   0.568588)
            (1.510   0.569260)
            (1.511   0.569932)
            (1.512   0.570602)
            (1.513   0.571272)
            (1.514   0.571940)
            (1.515   0.572608)
            (1.516   0.573275)
            (1.517   0.573942)
            (1.518   0.574607)
            (1.519   0.575271)
            (1.520   0.575935)
            (1.521   0.576598)
            (1.522   0.577260)
            (1.523   0.577920)
            (1.524   0.578581)
            (1.525   0.579240)
            (1.526   0.579898)
            (1.527   0.580555)
            (1.528   0.581212)
            (1.529   0.581867)
            (1.530   0.582522)
            (1.531   0.583176)
            (1.532   0.583828)
            (1.533   0.584480)
            (1.534   0.585131)
            (1.535   0.585781)
            (1.536   0.586430)
            (1.537   0.587079)
            (1.538   0.587726)
            (1.539   0.588372)
            (1.540   0.589018)
            (1.541   0.589662)
            (1.542   0.590306)
            (1.543   0.590948)
            (1.544   0.591590)
            (1.545   0.592230)
            (1.546   0.592870)
            (1.547   0.593509)
            (1.548   0.594147)
            (1.549   0.594784)
            (1.550   0.595419)
            (1.551   0.596054)
            (1.552   0.596688)
            (1.553   0.597321)
            (1.554   0.597953)
            (1.555   0.598584)
            (1.556   0.599214)
            (1.557   0.599843)
            (1.558   0.600471)
            (1.559   0.601099)
            (1.560   0.601725)
            (1.561   0.602350)
            (1.562   0.602974)
            (1.563   0.603597)
            (1.564   0.604219)
            (1.565   0.604840)
            (1.566   0.605460)
            (1.567   0.606079)
            (1.568   0.606697)
            (1.569   0.607314)
            (1.570   0.607930)
            (1.571   0.608545)
            (1.572   0.609159)
            (1.573   0.609772)
            (1.574   0.610384)
            (1.575   0.610995)
            (1.576   0.611605)
            (1.577   0.612214)
            (1.578   0.612822)
            (1.579   0.613428)
            (1.580   0.614034)
            (1.581   0.614639)
            (1.582   0.615242)
            (1.583   0.615845)
            (1.584   0.616446)
            (1.585   0.617047)
            (1.586   0.617646)
            (1.587   0.618244)
            (1.588   0.618841)
            (1.589   0.619438)
            (1.590   0.620033)
            (1.591   0.620627)
            (1.592   0.621220)
            (1.593   0.621812)
            (1.594   0.622402)
            (1.595   0.622992)
            (1.596   0.623581)
            (1.597   0.624168)
            (1.598   0.624754)
            (1.599   0.625340)
            (1.600   0.625924)
            (1.601   0.626507)
            (1.602   0.627089)
            (1.603   0.627670)
            (1.604   0.628250)
            (1.605   0.628828)
            (1.606   0.629406)
            (1.607   0.629983)
            (1.608   0.630558)
            (1.609   0.631132)
            (1.610   0.631705)
            (1.611   0.632277)
            (1.612   0.632848)
            (1.613   0.633418)
            (1.614   0.633986)
            (1.615   0.634554)
            (1.616   0.635120)
            (1.617   0.635685)
            (1.618   0.636249)
            (1.619   0.636812)
            (1.620   0.637374)
            (1.621   0.637934)
            (1.622   0.638494)
            (1.623   0.639052)
            (1.624   0.639609)
            (1.625   0.640165)
            (1.626   0.640720)
            (1.627   0.641273)
            (1.628   0.641826)
            (1.629   0.642377)
            (1.630   0.642927)
            (1.631   0.643476)
            (1.632   0.644024)
            (1.633   0.644570)
            (1.634   0.645116)
            (1.635   0.645660)
            (1.636   0.646203)
            (1.637   0.646745)
            (1.638   0.647286)
            (1.639   0.647825)
            (1.640   0.648363)
            (1.641   0.648900)
            (1.642   0.649436)
            (1.643   0.649971)
            (1.644   0.650504)
            (1.645   0.651036)
            (1.646   0.651567)
            (1.647   0.652097)
            (1.648   0.652626)
            (1.649   0.653153)
            (1.650   0.653679)
            (1.651   0.654204)
            (1.652   0.654728)
            (1.653   0.655250)
            (1.654   0.655772)
            (1.655   0.656292)
            (1.656   0.656810)
            (1.657   0.657328)
            (1.658   0.657844)
            (1.659   0.658359)
            (1.660   0.658873)
            (1.661   0.659386)
            (1.662   0.659897)
            (1.663   0.660407)
            (1.664   0.660916)
            (1.665   0.661424)
            (1.666   0.661930)
            (1.667   0.662435)
            (1.668   0.662939)
            (1.669   0.663441)
            (1.670   0.663942)
            (1.671   0.664442)
            (1.672   0.664941)
            (1.673   0.665439)
            (1.674   0.665935)
            (1.675   0.666430)
            (1.676   0.666923)
            (1.677   0.667416)
            (1.678   0.667907)
            (1.679   0.668397)
            (1.680   0.668885)
            (1.681   0.669372)
            (1.682   0.669858)
            (1.683   0.670343)
            (1.684   0.670826)
            (1.685   0.671308)
            (1.686   0.671789)
            (1.687   0.672268)
            (1.688   0.672746)
            (1.689   0.673223)
            (1.690   0.673699)
            (1.691   0.674173)
            (1.692   0.674646)
            (1.693   0.675117)
            (1.694   0.675588)
            (1.695   0.676057)
            (1.696   0.676524)
            (1.697   0.676990)
            (1.698   0.677455)
            (1.699   0.677919)
            (1.700   0.678381)
            (1.701   0.678842)
            (1.702   0.679302)
            (1.703   0.679760)
            (1.704   0.680217)
            (1.705   0.680673)
            (1.706   0.681127)
            (1.707   0.681580)
            (1.708   0.682032)
            (1.709   0.682482)
            (1.710   0.682931)
            (1.711   0.683379)
            (1.712   0.683825)
            (1.713   0.684270)
            (1.714   0.684713)
            (1.715   0.685155)
            (1.716   0.685596)
            (1.717   0.686035)
            (1.718   0.686473)
            (1.719   0.686910)
            (1.720   0.687345)
            (1.721   0.687779)
            (1.722   0.688212)
            (1.723   0.688643)
            (1.724   0.689073)
            (1.725   0.689501)
            (1.726   0.689929)
            (1.727   0.690354)
            (1.728   0.690779)
            (1.729   0.691201)
            (1.730   0.691623)
            (1.731   0.692043)
            (1.732   0.692462)
            (1.733   0.692879)
            (1.734   0.693295)
            (1.735   0.693710)
            (1.736   0.694123)
            (1.737   0.694535)
            (1.738   0.694945)
            (1.739   0.695354)
            (1.740   0.695762)
            (1.741   0.696168)
            (1.742   0.696572)
            (1.743   0.696976)
            (1.744   0.697378)
            (1.745   0.697778)
            (1.746   0.698177)
            (1.747   0.698575)
            (1.748   0.698971)
            (1.749   0.699366)
            (1.750   0.699760)
            (1.751   0.700152)
            (1.752   0.700542)
            (1.753   0.700931)
            (1.754   0.701319)
            (1.755   0.701705)
            (1.756   0.702090)
            (1.757   0.702473)
            (1.758   0.702855)
            (1.759   0.703236)
            (1.760   0.703615)
            (1.761   0.703993)
            (1.762   0.704369)
            (1.763   0.704744)
            (1.764   0.705117)
            (1.765   0.705489)
            (1.766   0.705859)
            (1.767   0.706228)
            (1.768   0.706596)
            (1.769   0.706962)
            (1.770   0.707326)
            (1.771   0.707689)
            (1.772   0.708051)
            (1.773   0.708411)
            (1.774   0.708770)
            (1.775   0.709127)
            (1.776   0.709483)
            (1.777   0.709838)
            (1.778   0.710191)
            (1.779   0.710542)
            (1.780   0.710892)
            (1.781   0.711240)
            (1.782   0.711587)
            (1.783   0.711933)
            (1.784   0.712277)
            (1.785   0.712620)
            (1.786   0.712961)
            (1.787   0.713300)
            (1.788   0.713638)
            (1.789   0.713975)
            (1.790   0.714310)
            (1.791   0.714644)
            (1.792   0.714976)
            (1.793   0.715307)
            (1.794   0.715636)
            (1.795   0.715964)
            (1.796   0.716290)
            (1.797   0.716614)
            (1.798   0.716938)
            (1.799   0.717259)
            (1.800   0.717580)
            (1.801   0.717898)
            (1.802   0.718215)
            (1.803   0.718531)
            (1.804   0.718845)
            (1.805   0.719158)
            (1.806   0.719469)
            (1.807   0.719779)
            (1.808   0.720087)
            (1.809   0.720394)
            (1.810   0.720699)
            (1.811   0.721002)
            (1.812   0.721304)
            (1.813   0.721605)
            (1.814   0.721904)
            (1.815   0.722201)
            (1.816   0.722497)
            (1.817   0.722792)
            (1.818   0.723085)
            (1.819   0.723376)
            (1.820   0.723666)
            (1.821   0.723955)
            (1.822   0.724241)
            (1.823   0.724527)
            (1.824   0.724810)
            (1.825   0.725093)
            (1.826   0.725373)
            (1.827   0.725653)
            (1.828   0.725930)
            (1.829   0.726206)
            (1.830   0.726481)
            (1.831   0.726754)
            (1.832   0.727025)
            (1.833   0.727295)
            (1.834   0.727563)
            (1.835   0.727830)
            (1.836   0.728096)
            (1.837   0.728359)
            (1.838   0.728621)
            (1.839   0.728882)
            (1.840   0.729141)
            (1.841   0.729399)
            (1.842   0.729655)
            (1.843   0.729909)
            (1.844   0.730162)
            (1.845   0.730413)
            (1.846   0.730663)
            (1.847   0.730911)
            (1.848   0.731158)
            (1.849   0.731403)
            (1.850   0.731646)
            (1.851   0.731888)
            (1.852   0.732128)
            (1.853   0.732367)
            (1.854   0.732604)
            (1.855   0.732840)
            (1.856   0.733074)
            (1.857   0.733307)
            (1.858   0.733538)
            (1.859   0.733767)
            (1.860   0.733995)
            (1.861   0.734221)
            (1.862   0.734446)
            (1.863   0.734669)
            (1.864   0.734890)
            (1.865   0.735110)
            (1.866   0.735328)
            (1.867   0.735545)
            (1.868   0.735760)
            (1.869   0.735974)
            (1.870   0.736186)
            (1.871   0.736396)
            (1.872   0.736605)
            (1.873   0.736812)
            (1.874   0.737018)
            (1.875   0.737222)
            (1.876   0.737425)
            (1.877   0.737626)
            (1.878   0.737825)
            (1.879   0.738023)
            (1.880   0.738219)
            (1.881   0.738413)
            (1.882   0.738606)
            (1.883   0.738797)
            (1.884   0.738987)
            (1.885   0.739175)
            (1.886   0.739362)
            (1.887   0.739547)
            (1.888   0.739730)
            (1.889   0.739912)
            (1.890   0.740092)
            (1.891   0.740271)
            (1.892   0.740448)
            (1.893   0.740623)
            (1.894   0.740797)
            (1.895   0.740969)
            (1.896   0.741139)
            (1.897   0.741308)
            (1.898   0.741476)
            (1.899   0.741641)
            (1.900   0.741805)
            (1.901   0.741968)
            (1.902   0.742129)
            (1.903   0.742288)
            (1.904   0.742446)
            (1.905   0.742602)
            (1.906   0.742756)
            (1.907   0.742909)
            (1.908   0.743060)
            (1.909   0.743210)
            (1.910   0.743358)
            (1.911   0.743504)
            (1.912   0.743649)
            (1.913   0.743792)
            (1.914   0.743933)
            (1.915   0.744073)
            (1.916   0.744212)
            (1.917   0.744348)
            (1.918   0.744483)
            (1.919   0.744617)
            (1.920   0.744749)
            (1.921   0.744879)
            (1.922   0.745007)
            (1.923   0.745134)
            (1.924   0.745259)
            (1.925   0.745383)
            (1.926   0.745505)
            (1.927   0.745626)
            (1.928   0.745744)
            (1.929   0.745862)
            (1.930   0.745977)
            (1.931   0.746091)
            (1.932   0.746203)
            (1.933   0.746314)
            (1.934   0.746423)
            (1.935   0.746530)
            (1.936   0.746636)
            (1.937   0.746740)
            (1.938   0.746843)
            (1.939   0.746944)
            (1.940   0.747043)
            (1.941   0.747141)
            (1.942   0.747237)
            (1.943   0.747331)
            (1.944   0.747424)
            (1.945   0.747515)
            (1.946   0.747604)
            (1.947   0.747692)
            (1.948   0.747778)
            (1.949   0.747863)
            (1.950   0.747946)
            (1.951   0.748027)
            (1.952   0.748107)
            (1.953   0.748185)
            (1.954   0.748261)
            (1.955   0.748336)
            (1.956   0.748409)
            (1.957   0.748480)
            (1.958   0.748550)
            (1.959   0.748618)
            (1.960   0.748685)
            (1.961   0.748750)
            (1.962   0.748813)
            (1.963   0.748875)
            (1.964   0.748935)
            (1.965   0.748993)
            (1.966   0.749050)
            (1.967   0.749105)
            (1.968   0.749158)
            (1.969   0.749210)
            (1.970   0.749260)
            (1.971   0.749309)
            (1.972   0.749355)
            (1.973   0.749401)
            (1.974   0.749444)
            (1.975   0.749486)
            (1.976   0.749526)
            (1.977   0.749565)
            (1.978   0.749602)
            (1.979   0.749637)
            (1.980   0.749671)
            (1.981   0.749703)
            (1.982   0.749734)
            (1.983   0.749762)
            (1.984   0.749789)
            (1.985   0.749815)
            (1.986   0.749839)
            (1.987   0.749861)
            (1.988   0.749882)
            (1.989   0.749900)
            (1.990   0.749918)
            (1.991   0.749933)
            (1.992   0.749947)
            (1.993   0.749960)
            (1.994   0.749970)
            (1.995   0.749979)
            (1.996   0.749987)
            (1.997   0.749993)
            (1.998   0.749997)
            (1.999   0.749999)
            (2.000   0.750000)
            (2.001   0.749999)
            (2.002   0.749997)
            (2.003   0.749993)
            (2.004   0.749987)
            (2.005   0.749979)
            (2.006   0.749970)
            (2.007   0.749960)
            (2.008   0.749947)
            (2.009   0.749933)
            (2.010   0.749918)
            (2.011   0.749900)
            (2.012   0.749882)
            (2.013   0.749861)
            (2.014   0.749839)
            (2.015   0.749815)
            (2.016   0.749789)
            (2.017   0.749762)
            (2.018   0.749734)
            (2.019   0.749703)
            (2.020   0.749671)
            (2.021   0.749637)
            (2.022   0.749602)
            (2.023   0.749565)
            (2.024   0.749526)
            (2.025   0.749486)
            (2.026   0.749444)
            (2.027   0.749401)
            (2.028   0.749355)
            (2.029   0.749309)
            (2.030   0.749260)
            (2.031   0.749210)
            (2.032   0.749158)
            (2.033   0.749105)
            (2.034   0.749050)
            (2.035   0.748993)
            (2.036   0.748935)
            (2.037   0.748875)
            (2.038   0.748813)
            (2.039   0.748750)
            (2.040   0.748685)
            (2.041   0.748618)
            (2.042   0.748550)
            (2.043   0.748480)
            (2.044   0.748409)
            (2.045   0.748336)
            (2.046   0.748261)
            (2.047   0.748185)
            (2.048   0.748107)
            (2.049   0.748027)
            (2.050   0.747946)
            (2.051   0.747863)
            (2.052   0.747778)
            (2.053   0.747692)
            (2.054   0.747604)
            (2.055   0.747515)
            (2.056   0.747424)
            (2.057   0.747331)
            (2.058   0.747237)
            (2.059   0.747141)
            (2.060   0.747043)
            (2.061   0.746944)
            (2.062   0.746843)
            (2.063   0.746740)
            (2.064   0.746636)
            (2.065   0.746530)
            (2.066   0.746423)
            (2.067   0.746314)
            (2.068   0.746203)
            (2.069   0.746091)
            (2.070   0.745977)
            (2.071   0.745862)
            (2.072   0.745744)
            (2.073   0.745626)
            (2.074   0.745505)
            (2.075   0.745383)
            (2.076   0.745259)
            (2.077   0.745134)
            (2.078   0.745007)
            (2.079   0.744879)
            (2.080   0.744749)
            (2.081   0.744617)
            (2.082   0.744483)
            (2.083   0.744348)
            (2.084   0.744212)
            (2.085   0.744073)
            (2.086   0.743933)
            (2.087   0.743792)
            (2.088   0.743649)
            (2.089   0.743504)
            (2.090   0.743358)
            (2.091   0.743210)
            (2.092   0.743060)
            (2.093   0.742909)
            (2.094   0.742756)
            (2.095   0.742602)
            (2.096   0.742446)
            (2.097   0.742288)
            (2.098   0.742129)
            (2.099   0.741968)
            (2.100   0.741805)
            (2.101   0.741641)
            (2.102   0.741476)
            (2.103   0.741308)
            (2.104   0.741139)
            (2.105   0.740969)
            (2.106   0.740797)
            (2.107   0.740623)
            (2.108   0.740448)
            (2.109   0.740271)
            (2.110   0.740092)
            (2.111   0.739912)
            (2.112   0.739730)
            (2.113   0.739547)
            (2.114   0.739362)
            (2.115   0.739175)
            (2.116   0.738987)
            (2.117   0.738797)
            (2.118   0.738606)
            (2.119   0.738413)
            (2.120   0.738219)
            (2.121   0.738023)
            (2.122   0.737825)
            (2.123   0.737626)
            (2.124   0.737425)
            (2.125   0.737222)
            (2.126   0.737018)
            (2.127   0.736812)
            (2.128   0.736605)
            (2.129   0.736396)
            (2.130   0.736186)
            (2.131   0.735974)
            (2.132   0.735760)
            (2.133   0.735545)
            (2.134   0.735328)
            (2.135   0.735110)
            (2.136   0.734890)
            (2.137   0.734669)
            (2.138   0.734446)
            (2.139   0.734221)
            (2.140   0.733995)
            (2.141   0.733767)
            (2.142   0.733538)
            (2.143   0.733307)
            (2.144   0.733074)
            (2.145   0.732840)
            (2.146   0.732604)
            (2.147   0.732367)
            (2.148   0.732128)
            (2.149   0.731888)
            (2.150   0.731646)
            (2.151   0.731403)
            (2.152   0.731158)
            (2.153   0.730911)
            (2.154   0.730663)
            (2.155   0.730413)
            (2.156   0.730162)
            (2.157   0.729909)
            (2.158   0.729655)
            (2.159   0.729399)
            (2.160   0.729141)
            (2.161   0.728882)
            (2.162   0.728621)
            (2.163   0.728359)
            (2.164   0.728096)
            (2.165   0.727830)
            (2.166   0.727563)
            (2.167   0.727295)
            (2.168   0.727025)
            (2.169   0.726754)
            (2.170   0.726481)
            (2.171   0.726206)
            (2.172   0.725930)
            (2.173   0.725653)
            (2.174   0.725373)
            (2.175   0.725093)
            (2.176   0.724810)
            (2.177   0.724527)
            (2.178   0.724241)
            (2.179   0.723955)
            (2.180   0.723666)
            (2.181   0.723376)
            (2.182   0.723085)
            (2.183   0.722792)
            (2.184   0.722497)
            (2.185   0.722201)
            (2.186   0.721904)
            (2.187   0.721605)
            (2.188   0.721304)
            (2.189   0.721002)
            (2.190   0.720699)
            (2.191   0.720394)
            (2.192   0.720087)
            (2.193   0.719779)
            (2.194   0.719469)
            (2.195   0.719158)
            (2.196   0.718845)
            (2.197   0.718531)
            (2.198   0.718215)
            (2.199   0.717898)
            (2.200   0.717580)
            (2.201   0.717259)
            (2.202   0.716938)
            (2.203   0.716614)
            (2.204   0.716290)
            (2.205   0.715964)
            (2.206   0.715636)
            (2.207   0.715307)
            (2.208   0.714976)
            (2.209   0.714644)
            (2.210   0.714310)
            (2.211   0.713975)
            (2.212   0.713638)
            (2.213   0.713300)
            (2.214   0.712961)
            (2.215   0.712620)
            (2.216   0.712277)
            (2.217   0.711933)
            (2.218   0.711587)
            (2.219   0.711240)
            (2.220   0.710892)
            (2.221   0.710542)
            (2.222   0.710191)
            (2.223   0.709838)
            (2.224   0.709483)
            (2.225   0.709127)
            (2.226   0.708770)
            (2.227   0.708411)
            (2.228   0.708051)
            (2.229   0.707689)
            (2.230   0.707326)
            (2.231   0.706962)
            (2.232   0.706596)
            (2.233   0.706228)
            (2.234   0.705859)
            (2.235   0.705489)
            (2.236   0.705117)
            (2.237   0.704744)
            (2.238   0.704369)
            (2.239   0.703993)
            (2.240   0.703615)
            (2.241   0.703236)
            (2.242   0.702855)
            (2.243   0.702473)
            (2.244   0.702090)
            (2.245   0.701705)
            (2.246   0.701319)
            (2.247   0.700931)
            (2.248   0.700542)
            (2.249   0.700152)
            (2.250   0.699760)
            (2.251   0.699366)
            (2.252   0.698971)
            (2.253   0.698575)
            (2.254   0.698177)
            (2.255   0.697778)
            (2.256   0.697378)
            (2.257   0.696976)
            (2.258   0.696572)
            (2.259   0.696168)
            (2.260   0.695762)
            (2.261   0.695354)
            (2.262   0.694945)
            (2.263   0.694535)
            (2.264   0.694123)
            (2.265   0.693710)
            (2.266   0.693295)
            (2.267   0.692879)
            (2.268   0.692462)
            (2.269   0.692043)
            (2.270   0.691623)
            (2.271   0.691201)
            (2.272   0.690779)
            (2.273   0.690354)
            (2.274   0.689929)
            (2.275   0.689501)
            (2.276   0.689073)
            (2.277   0.688643)
            (2.278   0.688212)
            (2.279   0.687779)
            (2.280   0.687345)
            (2.281   0.686910)
            (2.282   0.686473)
            (2.283   0.686035)
            (2.284   0.685596)
            (2.285   0.685155)
            (2.286   0.684713)
            (2.287   0.684270)
            (2.288   0.683825)
            (2.289   0.683379)
            (2.290   0.682931)
            (2.291   0.682482)
            (2.292   0.682032)
            (2.293   0.681580)
            (2.294   0.681127)
            (2.295   0.680673)
            (2.296   0.680217)
            (2.297   0.679760)
            (2.298   0.679302)
            (2.299   0.678842)
            (2.300   0.678381)
            (2.301   0.677919)
            (2.302   0.677455)
            (2.303   0.676990)
            (2.304   0.676524)
            (2.305   0.676057)
            (2.306   0.675588)
            (2.307   0.675117)
            (2.308   0.674646)
            (2.309   0.674173)
            (2.310   0.673699)
            (2.311   0.673223)
            (2.312   0.672746)
            (2.313   0.672268)
            (2.314   0.671789)
            (2.315   0.671308)
            (2.316   0.670826)
            (2.317   0.670343)
            (2.318   0.669858)
            (2.319   0.669372)
            (2.320   0.668885)
            (2.321   0.668397)
            (2.322   0.667907)
            (2.323   0.667416)
            (2.324   0.666923)
            (2.325   0.666430)
            (2.326   0.665935)
            (2.327   0.665439)
            (2.328   0.664941)
            (2.329   0.664442)
            (2.330   0.663942)
            (2.331   0.663441)
            (2.332   0.662939)
            (2.333   0.662435)
            (2.334   0.661930)
            (2.335   0.661424)
            (2.336   0.660916)
            (2.337   0.660407)
            (2.338   0.659897)
            (2.339   0.659386)
            (2.340   0.658873)
            (2.341   0.658359)
            (2.342   0.657844)
            (2.343   0.657328)
            (2.344   0.656810)
            (2.345   0.656292)
            (2.346   0.655772)
            (2.347   0.655250)
            (2.348   0.654728)
            (2.349   0.654204)
            (2.350   0.653679)
            (2.351   0.653153)
            (2.352   0.652626)
            (2.353   0.652097)
            (2.354   0.651567)
            (2.355   0.651036)
            (2.356   0.650504)
            (2.357   0.649971)
            (2.358   0.649436)
            (2.359   0.648900)
            (2.360   0.648363)
            (2.361   0.647825)
            (2.362   0.647286)
            (2.363   0.646745)
            (2.364   0.646203)
            (2.365   0.645660)
            (2.366   0.645116)
            (2.367   0.644570)
            (2.368   0.644024)
            (2.369   0.643476)
            (2.370   0.642927)
            (2.371   0.642377)
            (2.372   0.641826)
            (2.373   0.641273)
            (2.374   0.640720)
            (2.375   0.640165)
            (2.376   0.639609)
            (2.377   0.639052)
            (2.378   0.638494)
            (2.379   0.637934)
            (2.380   0.637374)
            (2.381   0.636812)
            (2.382   0.636249)
            (2.383   0.635685)
            (2.384   0.635120)
            (2.385   0.634554)
            (2.386   0.633986)
            (2.387   0.633418)
            (2.388   0.632848)
            (2.389   0.632277)
            (2.390   0.631705)
            (2.391   0.631132)
            (2.392   0.630558)
            (2.393   0.629983)
            (2.394   0.629406)
            (2.395   0.628828)
            (2.396   0.628250)
            (2.397   0.627670)
            (2.398   0.627089)
            (2.399   0.626507)
            (2.400   0.625924)
            (2.401   0.625340)
            (2.402   0.624754)
            (2.403   0.624168)
            (2.404   0.623581)
            (2.405   0.622992)
            (2.406   0.622402)
            (2.407   0.621812)
            (2.408   0.621220)
            (2.409   0.620627)
            (2.410   0.620033)
            (2.411   0.619438)
            (2.412   0.618841)
            (2.413   0.618244)
            (2.414   0.617646)
            (2.415   0.617047)
            (2.416   0.616446)
            (2.417   0.615845)
            (2.418   0.615242)
            (2.419   0.614639)
            (2.420   0.614034)
            (2.421   0.613428)
            (2.422   0.612822)
            (2.423   0.612214)
            (2.424   0.611605)
            (2.425   0.610995)
            (2.426   0.610384)
            (2.427   0.609772)
            (2.428   0.609159)
            (2.429   0.608545)
            (2.430   0.607930)
            (2.431   0.607314)
            (2.432   0.606697)
            (2.433   0.606079)
            (2.434   0.605460)
            (2.435   0.604840)
            (2.436   0.604219)
            (2.437   0.603597)
            (2.438   0.602974)
            (2.439   0.602350)
            (2.440   0.601725)
            (2.441   0.601099)
            (2.442   0.600471)
            (2.443   0.599843)
            (2.444   0.599214)
            (2.445   0.598584)
            (2.446   0.597953)
            (2.447   0.597321)
            (2.448   0.596688)
            (2.449   0.596054)
            (2.450   0.595419)
            (2.451   0.594784)
            (2.452   0.594147)
            (2.453   0.593509)
            (2.454   0.592870)
            (2.455   0.592230)
            (2.456   0.591590)
            (2.457   0.590948)
            (2.458   0.590306)
            (2.459   0.589662)
            (2.460   0.589018)
            (2.461   0.588372)
            (2.462   0.587726)
            (2.463   0.587079)
            (2.464   0.586430)
            (2.465   0.585781)
            (2.466   0.585131)
            (2.467   0.584480)
            (2.468   0.583828)
            (2.469   0.583176)
            (2.470   0.582522)
            (2.471   0.581867)
            (2.472   0.581212)
            (2.473   0.580555)
            (2.474   0.579898)
            (2.475   0.579240)
            (2.476   0.578581)
            (2.477   0.577920)
            (2.478   0.577260)
            (2.479   0.576598)
            (2.480   0.575935)
            (2.481   0.575271)
            (2.482   0.574607)
            (2.483   0.573942)
            (2.484   0.573275)
            (2.485   0.572608)
            (2.486   0.571940)
            (2.487   0.571272)
            (2.488   0.570602)
            (2.489   0.569932)
            (2.490   0.569260)
            (2.491   0.568588)
            (2.492   0.567915)
            (2.493   0.567241)
            (2.494   0.566566)
            (2.495   0.565891)
            (2.496   0.565214)
            (2.497   0.564537)
            (2.498   0.563859)
            (2.499   0.563180)
            (2.500   0.562500)
            (2.501   0.561819)
            (2.502   0.561138)
            (2.503   0.560456)
            (2.504   0.559773)
            (2.505   0.559089)
            (2.506   0.558404)
            (2.507   0.557719)
            (2.508   0.557033)
            (2.509   0.556345)
            (2.510   0.555658)
            (2.511   0.554969)
            (2.512   0.554280)
            (2.513   0.553589)
            (2.514   0.552898)
            (2.515   0.552207)
            (2.516   0.551514)
            (2.517   0.550821)
            (2.518   0.550127)
            (2.519   0.549432)
            (2.520   0.548736)
            (2.521   0.548040)
            (2.522   0.547342)
            (2.523   0.546645)
            (2.524   0.545946)
            (2.525   0.545246)
            (2.526   0.544546)
            (2.527   0.543845)
            (2.528   0.543144)
            (2.529   0.542441)
            (2.530   0.541738)
            (2.531   0.541034)
            (2.532   0.540330)
            (2.533   0.539624)
            (2.534   0.538918)
            (2.535   0.538212)
            (2.536   0.537504)
            (2.537   0.536796)
            (2.538   0.536087)
            (2.539   0.535378)
            (2.540   0.534667)
            (2.541   0.533956)
            (2.542   0.533245)
            (2.543   0.532532)
            (2.544   0.531819)
            (2.545   0.531105)
            (2.546   0.530391)
            (2.547   0.529676)
            (2.548   0.528960)
            (2.549   0.528243)
            (2.550   0.527526)
            (2.551   0.526808)
            (2.552   0.526090)
            (2.553   0.525371)
            (2.554   0.524651)
            (2.555   0.523930)
            (2.556   0.523209)
            (2.557   0.522488)
            (2.558   0.521765)
            (2.559   0.521042)
            (2.560   0.520318)
            (2.561   0.519594)
            (2.562   0.518869)
            (2.563   0.518143)
            (2.564   0.517417)
            (2.565   0.516690)
            (2.566   0.515963)
            (2.567   0.515235)
            (2.568   0.514506)
            (2.569   0.513777)
            (2.570   0.513047)
            (2.571   0.512316)
            (2.572   0.511585)
            (2.573   0.510853)
            (2.574   0.510121)
            (2.575   0.509388)
            (2.576   0.508654)
            (2.577   0.507920)
            (2.578   0.507186)
            (2.579   0.506450)
            (2.580   0.505715)
            (2.581   0.504978)
            (2.582   0.504241)
            (2.583   0.503504)
            (2.584   0.502765)
            (2.585   0.502027)
            (2.586   0.501287)
            (2.587   0.500548)
            (2.588   0.499807)
            (2.589   0.499066)
            (2.590   0.498325)
            (2.591   0.497583)
            (2.592   0.496840)
            (2.593   0.496097)
            (2.594   0.495354)
            (2.595   0.494610)
            (2.596   0.493865)
            (2.597   0.493120)
            (2.598   0.492374)
            (2.599   0.491628)
            (2.600   0.490881)
            (2.601   0.490134)
            (2.602   0.489386)
            (2.603   0.488638)
            (2.604   0.487890)
            (2.605   0.487140)
            (2.606   0.486391)
            (2.607   0.485640)
            (2.608   0.484890)
            (2.609   0.484139)
            (2.610   0.483387)
            (2.611   0.482635)
            (2.612   0.481882)
            (2.613   0.481129)
            (2.614   0.480376)
            (2.615   0.479622)
            (2.616   0.478867)
            (2.617   0.478112)
            (2.618   0.477357)
            (2.619   0.476601)
            (2.620   0.475845)
            (2.621   0.475088)
            (2.622   0.474331)
            (2.623   0.473574)
            (2.624   0.472816)
            (2.625   0.472057)
            (2.626   0.471298)
            (2.627   0.470539)
            (2.628   0.469779)
            (2.629   0.469019)
            (2.630   0.468259)
            (2.631   0.467498)
            (2.632   0.466736)
            (2.633   0.465975)
            (2.634   0.465213)
            (2.635   0.464450)
            (2.636   0.463687)
            (2.637   0.462924)
            (2.638   0.462160)
            (2.639   0.461396)
            (2.640   0.460632)
            (2.641   0.459867)
            (2.642   0.459102)
            (2.643   0.458336)
            (2.644   0.457570)
            (2.645   0.456804)
            (2.646   0.456037)
            (2.647   0.455270)
            (2.648   0.454503)
            (2.649   0.453735)
            (2.650   0.452967)
            (2.651   0.452198)
            (2.652   0.451430)
            (2.653   0.450661)
            (2.654   0.449891)
            (2.655   0.449122)
            (2.656   0.448351)
            (2.657   0.447581)
            (2.658   0.446810)
            (2.659   0.446039)
            (2.660   0.445268)
            (2.661   0.444496)
            (2.662   0.443724)
            (2.663   0.442952)
            (2.664   0.442180)
            (2.665   0.441407)
            (2.666   0.440634)
            (2.667   0.439860)
            (2.668   0.439087)
            (2.669   0.438313)
            (2.670   0.437538)
            (2.671   0.436764)
            (2.672   0.435989)
            (2.673   0.435214)
            (2.674   0.434439)
            (2.675   0.433663)
            (2.676   0.432887)
            (2.677   0.432111)
            (2.678   0.431335)
            (2.679   0.430558)
            (2.680   0.429781)
            (2.681   0.429004)
            (2.682   0.428227)
            (2.683   0.427449)
            (2.684   0.426671)
            (2.685   0.425893)
            (2.686   0.425115)
            (2.687   0.424337)
            (2.688   0.423558)
            (2.689   0.422779)
            (2.690   0.422000)
            (2.691   0.421221)
            (2.692   0.420441)
            (2.693   0.419661)
            (2.694   0.418882)
            (2.695   0.418101)
            (2.696   0.417321)
            (2.697   0.416541)
            (2.698   0.415760)
            (2.699   0.414979)
            (2.700   0.414198)
            (2.701   0.413417)
            (2.702   0.412636)
            (2.703   0.411854)
            (2.704   0.411072)
            (2.705   0.410291)
            (2.706   0.409509)
            (2.707   0.408726)
            (2.708   0.407944)
            (2.709   0.407162)
            (2.710   0.406379)
            (2.711   0.405596)
            (2.712   0.404814)
            (2.713   0.404031)
            (2.714   0.403248)
            (2.715   0.402464)
            (2.716   0.401681)
            (2.717   0.400898)
            (2.718   0.400114)
            (2.719   0.399330)
            (2.720   0.398546)
            (2.721   0.397763)
            (2.722   0.396979)
            (2.723   0.396194)
            (2.724   0.395410)
            (2.725   0.394626)
            (2.726   0.393842)
            (2.727   0.393057)
            (2.728   0.392273)
            (2.729   0.391488)
            (2.730   0.390703)
            (2.731   0.389919)
            (2.732   0.389134)
            (2.733   0.388349)
            (2.734   0.387564)
            (2.735   0.386779)
            (2.736   0.385994)
            (2.737   0.385209)
            (2.738   0.384424)
            (2.739   0.383639)
            (2.740   0.382853)
            (2.741   0.382068)
            (2.742   0.381283)
            (2.743   0.380498)
            (2.744   0.379712)
            (2.745   0.378927)
            (2.746   0.378142)
            (2.747   0.377356)
            (2.748   0.376571)
            (2.749   0.375785)
            (2.750   0.375000)
            (2.751   0.374215)
            (2.752   0.373429)
            (2.753   0.372644)
            (2.754   0.371858)
            (2.755   0.371073)
            (2.756   0.370288)
            (2.757   0.369502)
            (2.758   0.368717)
            (2.759   0.367932)
            (2.760   0.367147)
            (2.761   0.366361)
            (2.762   0.365576)
            (2.763   0.364791)
            (2.764   0.364006)
            (2.765   0.363221)
            (2.766   0.362436)
            (2.767   0.361651)
            (2.768   0.360866)
            (2.769   0.360081)
            (2.770   0.359297)
            (2.771   0.358512)
            (2.772   0.357727)
            (2.773   0.356943)
            (2.774   0.356158)
            (2.775   0.355374)
            (2.776   0.354590)
            (2.777   0.353806)
            (2.778   0.353021)
            (2.779   0.352237)
            (2.780   0.351454)
            (2.781   0.350670)
            (2.782   0.349886)
            (2.783   0.349102)
            (2.784   0.348319)
            (2.785   0.347536)
            (2.786   0.346752)
            (2.787   0.345969)
            (2.788   0.345186)
            (2.789   0.344404)
            (2.790   0.343621)
            (2.791   0.342838)
            (2.792   0.342056)
            (2.793   0.341274)
            (2.794   0.340491)
            (2.795   0.339709)
            (2.796   0.338928)
            (2.797   0.338146)
            (2.798   0.337364)
            (2.799   0.336583)
            (2.800   0.335802)
            (2.801   0.335021)
            (2.802   0.334240)
            (2.803   0.333459)
            (2.804   0.332679)
            (2.805   0.331899)
            (2.806   0.331118)
            (2.807   0.330339)
            (2.808   0.329559)
            (2.809   0.328779)
            (2.810   0.328000)
            (2.811   0.327221)
            (2.812   0.326442)
            (2.813   0.325663)
            (2.814   0.324885)
            (2.815   0.324107)
            (2.816   0.323329)
            (2.817   0.322551)
            (2.818   0.321773)
            (2.819   0.320996)
            (2.820   0.320219)
            (2.821   0.319442)
            (2.822   0.318665)
            (2.823   0.317889)
            (2.824   0.317113)
            (2.825   0.316337)
            (2.826   0.315561)
            (2.827   0.314786)
            (2.828   0.314011)
            (2.829   0.313236)
            (2.830   0.312462)
            (2.831   0.311687)
            (2.832   0.310913)
            (2.833   0.310140)
            (2.834   0.309366)
            (2.835   0.308593)
            (2.836   0.307820)
            (2.837   0.307048)
            (2.838   0.306276)
            (2.839   0.305504)
            (2.840   0.304732)
            (2.841   0.303961)
            (2.842   0.303190)
            (2.843   0.302419)
            (2.844   0.301649)
            (2.845   0.300878)
            (2.846   0.300109)
            (2.847   0.299339)
            (2.848   0.298570)
            (2.849   0.297802)
            (2.850   0.297033)
            (2.851   0.296265)
            (2.852   0.295497)
            (2.853   0.294730)
            (2.854   0.293963)
            (2.855   0.293196)
            (2.856   0.292430)
            (2.857   0.291664)
            (2.858   0.290898)
            (2.859   0.290133)
            (2.860   0.289368)
            (2.861   0.288604)
            (2.862   0.287840)
            (2.863   0.287076)
            (2.864   0.286313)
            (2.865   0.285550)
            (2.866   0.284787)
            (2.867   0.284025)
            (2.868   0.283264)
            (2.869   0.282502)
            (2.870   0.281741)
            (2.871   0.280981)
            (2.872   0.280221)
            (2.873   0.279461)
            (2.874   0.278702)
            (2.875   0.277943)
            (2.876   0.277184)
            (2.877   0.276426)
            (2.878   0.275669)
            (2.879   0.274912)
            (2.880   0.274155)
            (2.881   0.273399)
            (2.882   0.272643)
            (2.883   0.271888)
            (2.884   0.271133)
            (2.885   0.270378)
            (2.886   0.269624)
            (2.887   0.268871)
            (2.888   0.268118)
            (2.889   0.267365)
            (2.890   0.266613)
            (2.891   0.265861)
            (2.892   0.265110)
            (2.893   0.264360)
            (2.894   0.263609)
            (2.895   0.262860)
            (2.896   0.262110)
            (2.897   0.261362)
            (2.898   0.260614)
            (2.899   0.259866)
            (2.900   0.259119)
            (2.901   0.258372)
            (2.902   0.257626)
            (2.903   0.256880)
            (2.904   0.256135)
            (2.905   0.255390)
            (2.906   0.254646)
            (2.907   0.253903)
            (2.908   0.253160)
            (2.909   0.252417)
            (2.910   0.251675)
            (2.911   0.250934)
            (2.912   0.250193)
            (2.913   0.249452)
            (2.914   0.248713)
            (2.915   0.247973)
            (2.916   0.247235)
            (2.917   0.246496)
            (2.918   0.245759)
            (2.919   0.245022)
            (2.920   0.244285)
            (2.921   0.243550)
            (2.922   0.242814)
            (2.923   0.242080)
            (2.924   0.241346)
            (2.925   0.240612)
            (2.926   0.239879)
            (2.927   0.239147)
            (2.928   0.238415)
            (2.929   0.237684)
            (2.930   0.236953)
            (2.931   0.236223)
            (2.932   0.235494)
            (2.933   0.234765)
            (2.934   0.234037)
            (2.935   0.233310)
            (2.936   0.232583)
            (2.937   0.231857)
            (2.938   0.231131)
            (2.939   0.230406)
            (2.940   0.229682)
            (2.941   0.228958)
            (2.942   0.228235)
            (2.943   0.227512)
            (2.944   0.226791)
            (2.945   0.226070)
            (2.946   0.225349)
            (2.947   0.224629)
            (2.948   0.223910)
            (2.949   0.223192)
            (2.950   0.222474)
            (2.951   0.221757)
            (2.952   0.221040)
            (2.953   0.220324)
            (2.954   0.219609)
            (2.955   0.218895)
            (2.956   0.218181)
            (2.957   0.217468)
            (2.958   0.216755)
            (2.959   0.216044)
            (2.960   0.215333)
            (2.961   0.214622)
            (2.962   0.213913)
            (2.963   0.213204)
            (2.964   0.212496)
            (2.965   0.211788)
            (2.966   0.211082)
            (2.967   0.210376)
            (2.968   0.209670)
            (2.969   0.208966)
            (2.970   0.208262)
            (2.971   0.207559)
            (2.972   0.206856)
            (2.973   0.206155)
            (2.974   0.205454)
            (2.975   0.204754)
            (2.976   0.204054)
            (2.977   0.203355)
            (2.978   0.202658)
            (2.979   0.201960)
            (2.980   0.201264)
            (2.981   0.200568)
            (2.982   0.199873)
            (2.983   0.199179)
            (2.984   0.198486)
            (2.985   0.197793)
            (2.986   0.197102)
            (2.987   0.196411)
            (2.988   0.195720)
            (2.989   0.195031)
            (2.990   0.194342)
            (2.991   0.193655)
            (2.992   0.192967)
            (2.993   0.192281)
            (2.994   0.191596)
            (2.995   0.190911)
            (2.996   0.190227)
            (2.997   0.189544)
            (2.998   0.188862)
            (2.999   0.188181)
            (3.000   0.187500)
            (3.001   0.186820)
            (3.002   0.186141)
            (3.003   0.185463)
            (3.004   0.184786)
            (3.005   0.184109)
            (3.006   0.183434)
            (3.007   0.182759)
            (3.008   0.182085)
            (3.009   0.181412)
            (3.010   0.180740)
            (3.011   0.180068)
            (3.012   0.179398)
            (3.013   0.178728)
            (3.014   0.178060)
            (3.015   0.177392)
            (3.016   0.176725)
            (3.017   0.176058)
            (3.018   0.175393)
            (3.019   0.174729)
            (3.020   0.174065)
            (3.021   0.173402)
            (3.022   0.172740)
            (3.023   0.172080)
            (3.024   0.171419)
            (3.025   0.170760)
            (3.026   0.170102)
            (3.027   0.169445)
            (3.028   0.168788)
            (3.029   0.168133)
            (3.030   0.167478)
            (3.031   0.166824)
            (3.032   0.166172)
            (3.033   0.165520)
            (3.034   0.164869)
            (3.035   0.164219)
            (3.036   0.163570)
            (3.037   0.162921)
            (3.038   0.162274)
            (3.039   0.161628)
            (3.040   0.160982)
            (3.041   0.160338)
            (3.042   0.159694)
            (3.043   0.159052)
            (3.044   0.158410)
            (3.045   0.157770)
            (3.046   0.157130)
            (3.047   0.156491)
            (3.048   0.155853)
            (3.049   0.155216)
            (3.050   0.154581)
            (3.051   0.153946)
            (3.052   0.153312)
            (3.053   0.152679)
            (3.054   0.152047)
            (3.055   0.151416)
            (3.056   0.150786)
            (3.057   0.150157)
            (3.058   0.149529)
            (3.059   0.148901)
            (3.060   0.148275)
            (3.061   0.147650)
            (3.062   0.147026)
            (3.063   0.146403)
            (3.064   0.145781)
            (3.065   0.145160)
            (3.066   0.144540)
            (3.067   0.143921)
            (3.068   0.143303)
            (3.069   0.142686)
            (3.070   0.142070)
            (3.071   0.141455)
            (3.072   0.140841)
            (3.073   0.140228)
            (3.074   0.139616)
            (3.075   0.139005)
            (3.076   0.138395)
            (3.077   0.137786)
            (3.078   0.137178)
            (3.079   0.136572)
            (3.080   0.135966)
            (3.081   0.135361)
            (3.082   0.134758)
            (3.083   0.134155)
            (3.084   0.133554)
            (3.085   0.132953)
            (3.086   0.132354)
            (3.087   0.131756)
            (3.088   0.131159)
            (3.089   0.130562)
            (3.090   0.129967)
            (3.091   0.129373)
            (3.092   0.128780)
            (3.093   0.128188)
            (3.094   0.127598)
            (3.095   0.127008)
            (3.096   0.126419)
            (3.097   0.125832)
            (3.098   0.125246)
            (3.099   0.124660)
            (3.100   0.124076)
            (3.101   0.123493)
            (3.102   0.122911)
            (3.103   0.122330)
            (3.104   0.121750)
            (3.105   0.121172)
            (3.106   0.120594)
            (3.107   0.120017)
            (3.108   0.119442)
            (3.109   0.118868)
            (3.110   0.118295)
            (3.111   0.117723)
            (3.112   0.117152)
            (3.113   0.116582)
            (3.114   0.116014)
            (3.115   0.115446)
            (3.116   0.114880)
            (3.117   0.114315)
            (3.118   0.113751)
            (3.119   0.113188)
            (3.120   0.112626)
            (3.121   0.112066)
            (3.122   0.111506)
            (3.123   0.110948)
            (3.124   0.110391)
            (3.125   0.109835)
            (3.126   0.109280)
            (3.127   0.108727)
            (3.128   0.108174)
            (3.129   0.107623)
            (3.130   0.107073)
            (3.131   0.106524)
            (3.132   0.105976)
            (3.133   0.105430)
            (3.134   0.104884)
            (3.135   0.104340)
            (3.136   0.103797)
            (3.137   0.103255)
            (3.138   0.102714)
            (3.139   0.102175)
            (3.140   0.101637)
            (3.141   0.101100)
            (3.142   0.100564)
            (3.143   0.100029)
            (3.144   0.099496)
            (3.145   0.098964)
            (3.146   0.098433)
            (3.147   0.097903)
            (3.148   0.097374)
            (3.149   0.096847)
            (3.150   0.096321)
            (3.151   0.095796)
            (3.152   0.095272)
            (3.153   0.094750)
            (3.154   0.094228)
            (3.155   0.093708)
            (3.156   0.093190)
            (3.157   0.092672)
            (3.158   0.092156)
            (3.159   0.091641)
            (3.160   0.091127)
            (3.161   0.090614)
            (3.162   0.090103)
            (3.163   0.089593)
            (3.164   0.089084)
            (3.165   0.088576)
            (3.166   0.088070)
            (3.167   0.087565)
            (3.168   0.087061)
            (3.169   0.086559)
            (3.170   0.086058)
            (3.171   0.085558)
            (3.172   0.085059)
            (3.173   0.084561)
            (3.174   0.084065)
            (3.175   0.083570)
            (3.176   0.083077)
            (3.177   0.082584)
            (3.178   0.082093)
            (3.179   0.081603)
            (3.180   0.081115)
            (3.181   0.080628)
            (3.182   0.080142)
            (3.183   0.079657)
            (3.184   0.079174)
            (3.185   0.078692)
            (3.186   0.078211)
            (3.187   0.077732)
            (3.188   0.077254)
            (3.189   0.076777)
            (3.190   0.076301)
            (3.191   0.075827)
            (3.192   0.075354)
            (3.193   0.074883)
            (3.194   0.074412)
            (3.195   0.073943)
            (3.196   0.073476)
            (3.197   0.073010)
            (3.198   0.072545)
            (3.199   0.072081)
            (3.200   0.071619)
            (3.201   0.071158)
            (3.202   0.070698)
            (3.203   0.070240)
            (3.204   0.069783)
            (3.205   0.069327)
            (3.206   0.068873)
            (3.207   0.068420)
            (3.208   0.067968)
            (3.209   0.067518)
            (3.210   0.067069)
            (3.211   0.066621)
            (3.212   0.066175)
            (3.213   0.065730)
            (3.214   0.065287)
            (3.215   0.064845)
            (3.216   0.064404)
            (3.217   0.063965)
            (3.218   0.063527)
            (3.219   0.063090)
            (3.220   0.062655)
            (3.221   0.062221)
            (3.222   0.061788)
            (3.223   0.061357)
            (3.224   0.060927)
            (3.225   0.060499)
            (3.226   0.060071)
            (3.227   0.059646)
            (3.228   0.059221)
            (3.229   0.058799)
            (3.230   0.058377)
            (3.231   0.057957)
            (3.232   0.057538)
            (3.233   0.057121)
            (3.234   0.056705)
            (3.235   0.056290)
            (3.236   0.055877)
            (3.237   0.055465)
            (3.238   0.055055)
            (3.239   0.054646)
            (3.240   0.054238)
            (3.241   0.053832)
            (3.242   0.053428)
            (3.243   0.053024)
            (3.244   0.052622)
            (3.245   0.052222)
            (3.246   0.051823)
            (3.247   0.051425)
            (3.248   0.051029)
            (3.249   0.050634)
            (3.250   0.050240)
            (3.251   0.049848)
            (3.252   0.049458)
            (3.253   0.049069)
            (3.254   0.048681)
            (3.255   0.048295)
            (3.256   0.047910)
            (3.257   0.047527)
            (3.258   0.047145)
            (3.259   0.046764)
            (3.260   0.046385)
            (3.261   0.046007)
            (3.262   0.045631)
            (3.263   0.045256)
            (3.264   0.044883)
            (3.265   0.044511)
            (3.266   0.044141)
            (3.267   0.043772)
            (3.268   0.043404)
            (3.269   0.043038)
            (3.270   0.042674)
            (3.271   0.042311)
            (3.272   0.041949)
            (3.273   0.041589)
            (3.274   0.041230)
            (3.275   0.040873)
            (3.276   0.040517)
            (3.277   0.040162)
            (3.278   0.039809)
            (3.279   0.039458)
            (3.280   0.039108)
            (3.281   0.038760)
            (3.282   0.038413)
            (3.283   0.038067)
            (3.284   0.037723)
            (3.285   0.037380)
            (3.286   0.037039)
            (3.287   0.036700)
            (3.288   0.036362)
            (3.289   0.036025)
            (3.290   0.035690)
            (3.291   0.035356)
            (3.292   0.035024)
            (3.293   0.034693)
            (3.294   0.034364)
            (3.295   0.034036)
            (3.296   0.033710)
            (3.297   0.033386)
            (3.298   0.033062)
            (3.299   0.032741)
            (3.300   0.032420)
            (3.301   0.032102)
            (3.302   0.031785)
            (3.303   0.031469)
            (3.304   0.031155)
            (3.305   0.030842)
            (3.306   0.030531)
            (3.307   0.030221)
            (3.308   0.029913)
            (3.309   0.029606)
            (3.310   0.029301)
            (3.311   0.028998)
            (3.312   0.028696)
            (3.313   0.028395)
            (3.314   0.028096)
            (3.315   0.027799)
            (3.316   0.027503)
            (3.317   0.027208)
            (3.318   0.026915)
            (3.319   0.026624)
            (3.320   0.026334)
            (3.321   0.026045)
            (3.322   0.025759)
            (3.323   0.025473)
            (3.324   0.025190)
            (3.325   0.024907)
            (3.326   0.024627)
            (3.327   0.024347)
            (3.328   0.024070)
            (3.329   0.023794)
            (3.330   0.023519)
            (3.331   0.023246)
            (3.332   0.022975)
            (3.333   0.022705)
            (3.334   0.022437)
            (3.335   0.022170)
            (3.336   0.021904)
            (3.337   0.021641)
            (3.338   0.021379)
            (3.339   0.021118)
            (3.340   0.020859)
            (3.341   0.020601)
            (3.342   0.020345)
            (3.343   0.020091)
            (3.344   0.019838)
            (3.345   0.019587)
            (3.346   0.019337)
            (3.347   0.019089)
            (3.348   0.018842)
            (3.349   0.018597)
            (3.350   0.018354)
            (3.351   0.018112)
            (3.352   0.017872)
            (3.353   0.017633)
            (3.354   0.017396)
            (3.355   0.017160)
            (3.356   0.016926)
            (3.357   0.016693)
            (3.358   0.016462)
            (3.359   0.016233)
            (3.360   0.016005)
            (3.361   0.015779)
            (3.362   0.015554)
            (3.363   0.015331)
            (3.364   0.015110)
            (3.365   0.014890)
            (3.366   0.014672)
            (3.367   0.014455)
            (3.368   0.014240)
            (3.369   0.014026)
            (3.370   0.013814)
            (3.371   0.013604)
            (3.372   0.013395)
            (3.373   0.013188)
            (3.374   0.012982)
            (3.375   0.012778)
            (3.376   0.012575)
            (3.377   0.012374)
            (3.378   0.012175)
            (3.379   0.011977)
            (3.380   0.011781)
            (3.381   0.011587)
            (3.382   0.011394)
            (3.383   0.011203)
            (3.384   0.011013)
            (3.385   0.010825)
            (3.386   0.010638)
            (3.387   0.010453)
            (3.388   0.010270)
            (3.389   0.010088)
            (3.390   0.009908)
            (3.391   0.009729)
            (3.392   0.009552)
            (3.393   0.009377)
            (3.394   0.009203)
            (3.395   0.009031)
            (3.396   0.008861)
            (3.397   0.008692)
            (3.398   0.008524)
            (3.399   0.008359)
            (3.400   0.008195)
            (3.401   0.008032)
            (3.402   0.007871)
            (3.403   0.007712)
            (3.404   0.007554)
            (3.405   0.007398)
            (3.406   0.007244)
            (3.407   0.007091)
            (3.408   0.006940)
            (3.409   0.006790)
            (3.410   0.006642)
            (3.411   0.006496)
            (3.412   0.006351)
            (3.413   0.006208)
            (3.414   0.006067)
            (3.415   0.005927)
            (3.416   0.005788)
            (3.417   0.005652)
            (3.418   0.005517)
            (3.419   0.005383)
            (3.420   0.005251)
            (3.421   0.005121)
            (3.422   0.004993)
            (3.423   0.004866)
            (3.424   0.004741)
            (3.425   0.004617)
            (3.426   0.004495)
            (3.427   0.004374)
            (3.428   0.004256)
            (3.429   0.004138)
            (3.430   0.004023)
            (3.431   0.003909)
            (3.432   0.003797)
            (3.433   0.003686)
            (3.434   0.003577)
            (3.435   0.003470)
            (3.436   0.003364)
            (3.437   0.003260)
            (3.438   0.003157)
            (3.439   0.003056)
            (3.440   0.002957)
            (3.441   0.002859)
            (3.442   0.002763)
            (3.443   0.002669)
            (3.444   0.002576)
            (3.445   0.002485)
            (3.446   0.002396)
            (3.447   0.002308)
            (3.448   0.002222)
            (3.449   0.002137)
            (3.450   0.002054)
            (3.451   0.001973)
            (3.452   0.001893)
            (3.453   0.001815)
            (3.454   0.001739)
            (3.455   0.001664)
            (3.456   0.001591)
            (3.457   0.001520)
            (3.458   0.001450)
            (3.459   0.001382)
            (3.460   0.001315)
            (3.461   0.001250)
            (3.462   0.001187)
            (3.463   0.001125)
            (3.464   0.001065)
            (3.465   0.001007)
            (3.466   0.000950)
            (3.467   0.000895)
            (3.468   0.000842)
            (3.469   0.000790)
            (3.470   0.000740)
            (3.471   0.000691)
            (3.472   0.000645)
            (3.473   0.000599)
            (3.474   0.000556)
            (3.475   0.000514)
            (3.476   0.000474)
            (3.477   0.000435)
            (3.478   0.000398)
            (3.479   0.000363)
            (3.480   0.000329)
            (3.481   0.000297)
            (3.482   0.000266)
            (3.483   0.000238)
            (3.484   0.000211)
            (3.485   0.000185)
            (3.486   0.000161)
            (3.487   0.000139)
            (3.488   0.000118)
            (3.489   0.000100)
            (3.490   0.000082)
            (3.491   0.000067)
            (3.492   0.000053)
            (3.493   0.000040)
            (3.494   0.000030)
            (3.495   0.000021)
            (3.496   0.000013)
            (3.497   0.000007)
            (3.498   0.000003)
            (3.499   0.000001)
            (3.80   0.00)
            (4.20   0.00)
            (4.70   0.00)
            (5.00   0.00)

        );
    }
}

// ************************************************************************* //
